4.641741e+01
4.641741e+01
4.641741e+01
4.631160e+01
4.631348e+01
4.631070e+01
4.651919e+01
4.692344e+01
4.801206e+01
4.839332e+01
4.961090e+01
5.151660e+01
4.641741e+01
4.631160e+01
4.631348e+01
4.631070e+01
4.651919e+01
4.692344e+01
4.801206e+01
4.839332e+01
4.961090e+01
5.151660e+01
4.641741e+01
4.631160e+01
4.631348e+01
4.631070e+01
4.651919e+01
4.692344e+01
4.801206e+01
4.839332e+01
4.961090e+01
5.151660e+01
4.641741e+01
4.631160e+01
4.631348e+01
4.631070e+01
4.651919e+01
4.692344e+01
4.801206e+01
4.839332e+01
4.961090e+01
5.151660e+01
4.641741e+01
4.631160e+01
4.631348e+01
4.631070e+01
4.651919e+01
4.692344e+01
4.801206e+01
4.839332e+01
4.961090e+01
5.151660e+01
4.641741e+01
4.631160e+01
4.631348e+01
4.631070e+01
4.651919e+01
4.692344e+01
4.801206e+01
4.839332e+01
4.961090e+01
5.151660e+01
