1.051488e+01
1.051488e+01
1.051488e+01
1.066525e+01
1.095280e+01
1.146827e+01
1.250184e+01
1.423808e+01
1.692961e+01
2.039897e+01
2.365339e+01
2.647047e+01
1.051488e+01
1.066525e+01
1.095280e+01
1.146827e+01
1.250184e+01
1.423808e+01
1.692961e+01
2.039897e+01
2.365339e+01
2.647047e+01
1.051488e+01
1.066525e+01
1.095280e+01
1.146827e+01
1.250184e+01
1.423808e+01
1.692961e+01
2.039897e+01
2.365339e+01
2.647047e+01
1.051488e+01
1.066525e+01
1.095280e+01
1.146827e+01
1.250184e+01
1.423808e+01
1.692961e+01
2.039897e+01
2.365339e+01
2.647047e+01
1.051488e+01
1.066525e+01
1.095280e+01
1.146827e+01
1.250184e+01
1.423808e+01
1.692961e+01
2.039897e+01
2.365339e+01
2.647047e+01
1.051488e+01
1.066525e+01
1.095280e+01
1.146827e+01
1.250184e+01
1.423808e+01
1.692961e+01
2.039897e+01
2.365339e+01
2.647047e+01
