1.470955e+04 
1.491990e+04 
1.532216e+04 
1.604327e+04 
1.748916e+04 
1.991802e+04 
2.368327e+04 
2.853665e+04 
3.308934e+04 
3.703023e+04 
1.470955e+04 
1.491990e+04 
1.532216e+04 
1.604327e+04 
1.748916e+04 
1.991802e+04 
2.368327e+04 
2.853665e+04 
3.308934e+04 
3.703023e+04 
1.470955e+04 
1.491990e+04 
1.532216e+04 
1.604327e+04 
1.748916e+04 
1.991802e+04 
2.368327e+04 
2.853665e+04 
3.308934e+04 
3.703023e+04 
1.470955e+04 
1.491990e+04 
1.532216e+04 
1.604327e+04 
1.748916e+04 
1.991802e+04 
2.368327e+04 
2.853665e+04 
3.308934e+04 
3.703023e+04 
1.470955e+04 
1.491990e+04 
1.532216e+04 
1.604327e+04 
1.748916e+04 
1.991802e+04 
2.368327e+04 
2.853665e+04 
3.308934e+04 
3.703023e+04 
1.470955e+04 
1.491990e+04 
1.532216e+04 
1.604327e+04 
1.748916e+04 
1.991802e+04 
2.368327e+04 
2.853665e+04 
3.308934e+04 
3.703023e+04 
